5.000000000000000888e+00 5.320053993725278582e-47
5.034693157380139006e+00 4.977802675091629117e-47
5.069627037794075974e+00 4.663048207778976051e-47
5.104803311530234922e+00 4.373069475460876807e-47
5.140223660466546995e+00 4.105456621023487404e-47
5.175889778150882137e+00 3.858072358668272377e-47
5.211803369882009207e+00 3.629018315267914381e-47
5.247966152791137873e+00 3.416605735864509061e-47
5.284379855924021818e+00 3.219329997795617987e-47
5.321046220323622400e+00 3.035848361932253198e-47
5.357966999113356721e+00 2.864960601974469855e-47
5.395143957580921246e+00 2.705592078679245540e-47
5.432578873262690955e+00 2.556778957323548239e-47
5.470273536028714467e+00 2.417655291372898527e-47
5.508229748168283813e+00 2.287441705085607674e-47
5.546449324476114384e+00 2.165435502598581884e-47
5.584934092339116418e+00 2.051001976508126421e-47
5.623685891823758887e+00 1.943566803537146205e-47
5.662706575764059558e+00 1.842609351060019910e-47
5.701998009850164806e+00 1.747656805723745482e-47
5.741562072717556475e+00 1.658278995692004496e-47
5.781400656036880470e+00 1.574083846240223544e-47
5.821515664604382856e+00 1.494713355057357668e-47
5.861909016432995223e+00 1.419840053930008530e-47
5.902582642844026672e+00 1.348416075793879317e-47
5.943538488559517496e+00 1.280292890163959472e-47
5.984778511795218137e+00 1.216007814541742738e-47
6.026304684354212071e+00 1.155311967406055634e-47
6.068118991721204836e+00 1.097975828211238876e-47
6.110223433157442763e+00 1.043787426587903744e-47
6.152620021796308514e+00 9.925507164750820637e-48
6.195310784739581855e+00 9.440841389169830602e-48
6.238297763154347919e+00 8.982193204782544562e-48
6.281583012370603569e+00 8.547999220695476325e-48
6.325168601979518357e+00 8.136805978131183477e-48
6.369056615932393584e+00 7.747260617843500192e-48
6.413249152640303485e+00 7.378102475990989860e-48
6.457748325074419427e+00 7.028155538532724936e-48
6.502556260867045523e+00 6.696321632050156049e-48
6.547675102413337278e+00 6.381574211967824897e-48
6.593107006973743189e+00 6.082952843774430697e-48
6.638854146777149801e+00 5.799558082586383808e-48
6.684918709124731961e+00 5.526576029138085448e-48
6.731302896494550936e+00 5.267428846116334413e-48
6.778008926646843513e+00 5.021458072700076592e-48
6.825039032730071398e+00 4.787945363506061089e-48
6.872395463387687364e+00 4.566215343152892309e-48
6.920080482865659022e+00 4.355632701903028798e-48
6.968096371120712895e+00 4.155599445207392002e-48
7.016445423929364544e+00 3.965552413328806481e-48
7.065129952997670770e+00 3.784960971816810755e-48
7.114152286071764308e+00 3.613324899066381747e-48
7.163514767049155907e+00 3.450172411539201088e-48
7.213219756090789581e+00 3.295058394096282247e-48
7.263269629733905219e+00 3.147562702633496166e-48
7.313666781005652595e+00 3.007288625510723957e-48
7.364413619537513611e+00 2.873861440870865568e-48
7.415512571680523024e+00 2.746927088832887639e-48
7.466966080621261881e+00 2.626150928848796530e-48
7.518776606498691173e+00 2.511216587546822916e-48
7.570946626521762646e+00 2.401824864015717424e-48
7.623478635087869826e+00 2.297692751035522477e-48
7.676375143902114395e+00 2.198552483495590015e-48
7.729638682097387914e+00 2.104150654828659399e-48
7.783271796355308858e+00 2.014247406604220096e-48
7.837277051027977670e+00 1.928615651009405865e-48
7.891657028260587126e+00 1.847040351827581708e-48
7.946414328114890679e+00 1.769317855283658698e-48
8.001551568693503924e+00 1.695255240274262743e-48
8.057071386265098667e+00 1.624669732623271468e-48
8.112976435390438112e+00 1.557388144415616783e-48
8.169269389049306440e+00 1.493246336833160015e-48
8.225952938768314127e+00 1.432088736003260394e-48
8.283029794749570129e+00 1.373767856298736743e-48
8.340502686000293764e+00 1.318143859888973998e-48
8.398374360463268573e+00 1.265084151613496763e-48
8.456647585148241220e+00 1.214462978489308829e-48
8.515325146264222766e+00 1.166161061828888494e-48
8.574409849352699453e+00 1.120065253837091940e-48
8.633904519421777835e+00 1.076068202626776525e-48
8.693812001081255403e+00 1.034068049140161448e-48
8.754135158678622020e+00 9.939681307019752791e-49
8.814876876436029463e+00 9.556767020125705243e-49
8.876040058588174020e+00 9.191066793151045228e-49
8.937627629521175621e+00 8.841753925031053692e-49
8.999642533912386000e+00 8.508043467942240424e-49
9.062087736871186294e+00 8.189190100855179618e-49
9.124966224080763411e+00 7.884485995038292962e-49
9.188281001940856285e+00 7.593258843756522869e-49
9.252035097711509337e+00 7.314870037757787897e-49
9.316231559657802919e+00 7.048712862748848552e-49
9.380873457195605170e+00 6.794210858630105222e-49
9.445963881038332843e+00 6.550816235944306318e-49
9.511505943344722880e+00 6.318008394654290088e-49
9.577502777867637818e+00 6.095292479916743693e-49
9.643957540103892612e+00 5.882198099653817871e-49
9.710873407445131278e+00 5.678278024826036862e-49
9.778253579329746259e+00 5.483106989297985521e-49
9.846101277395861828e+00 5.296280593416799436e-49
9.914419745635354886e+00 5.117414216832570360e-49
9.983212250548969990e+00 4.946141973211712937e-49
1.005248208130249488e+01 4.786505072267684641e-49
1.012223254988401777e+01 4.634736777764903992e-49
1.019246699126231981e+01 4.489082703777702611e-49
1.026318876354625864e+01 4.349276305309723716e-49
1.033440124814541505e+01 4.215063410105780196e-49
1.040610784993169524e+01 4.086201581230334516e-49
1.047831199740216412e+01 3.962459579719725317e-49
1.055101714284298176e+01 3.843616793605273384e-49
1.062422676249441267e+01 3.729462735585329215e-49
1.069794435671711241e+01 3.619796533061743130e-49
1.077217345015942129e+01 3.514426499696604136e-49
1.084691759192592109e+01 3.413169641744691573e-49
1.092218035574714108e+01 3.315851282426863500e-49
1.099796534015037253e+01 3.222304648792431544e-49
1.107427616863180120e+01 3.132370486053389534e-49
1.115111648982969150e+01 3.045896698170911812e-49
1.122848997769887447e+01 2.962738030240174317e-49
1.130640033168639569e+01 2.882755710213969540e-49
1.138485127690839782e+01 2.805817162604811355e-49
1.146384656432824833e+01 2.731795711155388925e-49
1.154338997093584673e+01 2.660570305939184641e-49
1.162348529992824453e+01 2.592025240462721463e-49
1.170413638089146957e+01 2.526049927121944078e-49
1.178534706998363824e+01 2.462538635072491377e-49
1.186712125011933594e+01 2.401390279661538371e-49
1.194946283115524999e+01 2.342508200601476874e-49
1.203237575007712579e+01 2.285799949237356318e-49
1.211586397118800207e+01 2.231177108747225992e-49
1.219993148629774993e+01 2.178555095040025429e-49
1.228458231491395480e+01 2.127852991833744364e-49
1.236982050443406855e+01 2.078993370018317818e-49
1.245565013033894708e+01 2.031902140406283834e-49
1.254207529638770424e+01 1.986508386464507754e-49
1.262910013481392113e+01 1.942744240680111460e-49
1.271672880652324622e+01 1.900544728146903986e-49
1.280496550129229583e+01 1.859847638263406265e-49
1.289381443796900939e+01 1.820593411228032546e-49
1.298327986467436013e+01 1.782725007190199903e-49
1.307336605900545834e+01 1.746187797426592483e-49
1.316407732824010424e+01 1.710929456349029346e-49
1.325541800954269256e+01 1.676899857001791835e-49
1.334739247017160935e+01 1.644050978083177426e-49
1.344000510768803558e+01 1.612336802301178914e-49
1.353326035016620388e+01 1.581713235399654625e-49
1.362716265640514379e+01 1.552138014734763633e-49
1.372171651614182508e+01 1.523570635746298996e-49
1.381692645026585531e+01 1.495972268498586445e-49
1.391279701103562694e+01 1.469305684604233186e-49
1.400933278229597434e+01 1.443535193120688566e-49
1.410653837969735847e+01 1.418626565638589273e-49
1.420441845091651878e+01 1.394546977273211502e-49
1.430297767587871505e+01 1.371264946714911415e-49
1.440222076698148790e+01 1.348750273819627297e-49
1.450215246931995594e+01 1.326973987751798353e-49
1.460277756091373114e+01 1.305908293414123573e-49
1.470410085293531743e+01 1.285526520178548639e-49
1.480612718994017740e+01 1.265803072743191189e-49
1.490886145009836561e+01 1.246713388172264381e-49
1.501230854542774473e+01 1.228233890110777533e-49
1.511647342202888744e+01 1.210341945656683833e-49
1.522136106032151126e+01 1.193015827401963886e-49
1.532697647528264007e+01 1.176234674234671386e-49
1.543332471668636963e+01 1.159978453845479900e-49
1.554041086934531712e+01 1.144227931055016869e-49
1.564824005335375823e+01 1.128964629378788688e-49
1.575681742433239485e+01 1.114170802797593897e-49
1.586614817367488683e+01 1.099829405130845620e-49
1.597623752879606585e+01 1.085924059010893098e-49
1.608709075338185457e+01 1.072439029086491527e-49
1.619871314764099068e+01 1.059359196110603236e-49
1.631111004855834778e+01 1.046670029493456653e-49
1.642428683015022273e+01 1.034357565154784224e-49
1.653824890372121104e+01 1.022408380679873818e-49
1.665300171812294039e+01 1.010809573140002011e-49
1.676855076001465861e+01 9.995487383917932950e-50
1.688490155412545590e+01 9.886139502499082343e-50
1.700205966351853704e+01 9.779937416809150553e-50
1.712003068985712417e+01 9.676770842164314035e-50
1.723882027367231728e+01 9.576533728209710606e-50
1.735843409463281262e+01 9.479124063006107085e-50
1.747887787181637265e+01 9.384443725283835144e-50
1.760015736398340280e+01 9.292398315420559264e-50
1.772227836985217664e+01 9.202897017298437280e-50
1.784524672837614645e+01 9.115852444381797139e-50
1.796906831902314394e+01 9.031180508377641948e-50
1.809374906205639988e+01 8.948800285985118836e-50
1.821929491881772734e+01 8.868633885440248182e-50
1.834571189201246710e+01 8.790606339446894725e-50
1.847300602599650787e+01 8.714645476535998416e-50
1.860118340706534568e+01 8.640681815420366027e-50
1.873025016374496232e+01 8.568648458294700786e-50
1.886021246708499532e+01 8.498480990134213850e-50
1.899107653095367709e+01 8.430117374295018847e-50
1.912284861233499456e+01 8.363497867944842207e-50
1.925553501162785963e+01 8.298564928226109695e-50
1.938914207294728342e+01 8.235263121184334087e-50
1.952367618442780639e+01 8.173539048541885091e-50
1.965914377852884698e+01 8.113341261040862664e-50
1.979555133234229203e+01 8.054620185012616326e-50
1.993290536790221168e+01 7.997328051732482552e-50
2.007121245249660646e+01 7.941418824196718620e-50
2.021047919898153822e+01 7.886848130995909125e-50
2.035071226609719020e+01 7.833573203395541337e-50
2.049191835878630386e+01 7.781552813357617896e-50
2.063410422851477577e+01 7.730747211453783616e-50
2.077727667359437191e+01 7.681118075202835621e-50
2.092144253950791111e+01 7.632628450145517167e-50
2.106660871923644152e+01 7.585242700552729213e-50
2.121278215358888275e+01 7.538926456280725463e-50
2.135996983153390261e+01 7.493646567224561024e-50
2.150817879053397164e+01 7.449371057171876959e-50
2.165741611688200052e+01 7.406069076431729073e-50
2.180768894604002384e+01 7.363710861560807586e-50
2.195900446298042752e+01 7.322267695166054354e-50
2.211136990252950341e+01 7.281711864507635690e-50
2.226479254971327393e+01 7.242016625121237170e-50
2.241927974010593871e+01 7.203156163737639891e-50
2.257483886018050612e+01 7.165105564078577321e-50
2.273147734766199335e+01 7.127840773193114044e-50
2.288920269188310286e+01 7.091338569476246947e-50
2.304802243414216534e+01 7.055576530907202503e-50
2.320794416806389648e+01 7.020533007885854493e-50
2.336897553996231380e+01 6.986187090324469469e-50
2.353112424920640322e+01 6.952518585202024844e-50
2.369439804858827614e+01 6.919507987078307952e-50
2.385880474469372459e+01 6.887136452825811459e-50
2.402435219827565405e+01 6.855385779383975889e-50
2.419104832462978294e+01 6.824238378357546019e-50
2.435890109397316294e+01 6.793677254725461696e-50
2.452791853182525017e+01 6.763685984182066903e-50
2.469810871939160180e+01 6.734248693738743551e-50
2.486947979395032249e+01 6.705350039962025339e-50
2.504203994924105814e+01 6.676975191488107977e-50
2.521579743585680333e+01 6.649109809563947780e-50
2.539076056163837691e+01 6.621740030665799627e-50
2.556693769207162603e+01 6.594852448713829616e-50
2.574433725068747236e+01 6.568434099859077011e-50
2.592296771946456246e+01 6.542472445244261451e-50
2.610283763923488465e+01 6.516955356813657779e-50
2.628395561009211789e+01 6.491871102552580679e-50
2.646633029180280161e+01 6.467208331632250712e-50
2.664997040422045060e+01 6.442956061741993832e-50
2.683488472770237721e+01 6.419103665613548491e-50
2.702108210352958650e+01 6.395640858063022680e-50
2.720857143432946046e+01 6.372557685392517591e-50
2.739736168450142983e+01 6.349844511683904183e-50
2.758746188064564109e+01 6.327492008905072093e-50
2.777888111199438370e+01 6.305491145869982819e-50
2.797162853084689971e+01 6.283833177950559151e-50
2.816571335300678314e+01 6.262509636655217914e-50
2.836114485822271192e+01 6.241512320342549403e-50
2.855793239063217115e+01 6.220833284878074679e-50
2.875608535920806474e+01 6.200464834984096716e-50
2.895561323820880162e+01 6.180399514745306298e-50
2.915652556763112102e+01 6.160630100417688870e-50
2.935883195366627163e+01 6.141149591856029471e-50
2.956254206915940230e+01 6.121951204676803826e-50
2.976766565407184473e+01 6.103028363592182482e-50
2.997421251594705538e+01 6.084374694154552878e-50
3.018219253037934635e+01 6.065984016937683856e-50
3.039161564148614758e+01 6.047850340246853911e-50
3.060249186238350916e+01 6.029967854257701558e-50
3.081483127566470870e+01 6.012330924096686415e-50
3.102864403388251446e+01 5.994934084844072320e-50
3.124394036003446828e+01 5.977772035077684764e-50
3.146073054805171409e+01 5.960839631589482993e-50
3.167902496329126549e+01 5.944131884428835662e-50
3.189883404303140679e+01 5.927643951084579827e-50
3.212016829697096654e+01 5.911371132277109481e-50
3.234303830773163213e+01 5.895308866646381185e-50
3.256745473136400904e+01 5.879452726454079571e-50
3.279342829785717583e+01 5.863798413004072142e-50
3.302096981165151846e+01 5.848341752546436304e-50
3.325009015215560737e+01 5.833078691908401460e-50
3.348080027426610883e+01 5.818005294963299657e-50
3.371311120889170354e+01 5.803117738161568728e-50
3.394703406348055807e+01 5.788412307475565718e-50
3.418258002255118555e+01 5.773885394391306371e-50
3.441976034822749142e+01 5.759533492714133352e-50
3.465858638077703091e+01 5.745353195124673826e-50
3.489906953915329524e+01 5.731341190054396955e-50
3.514122132154175659e+01 5.717494258506670637e-50
3.538505330590944453e+01 5.703809271263435150e-50
3.563057715055874297e+01 5.690283185746093795e-50
3.587780459468464045e+01 5.676913043514311036e-50
3.612674745893606598e+01 5.663695967360047820e-50
3.637741764598116134e+01 5.650629158840290223e-50
3.662982714107614868e+01 5.637709895783016748e-50
3.688398801263866744e+01 5.624935529859238622e-50
3.713991241282458589e+01 5.612303484188335355e-50
3.739761257810909711e+01 5.599811251273549294e-50
3.765710082987187235e+01 5.587456390631155054e-50
3.791838957498595164e+01 5.575236526832603541e-50
3.818149130641122468e+01 5.563149347430818147e-50
3.844641860379156384e+01 5.551192600976441505e-50
3.871318413405634118e+01 5.539364095257521502e-50
3.898180065202618039e+01 5.527661695307140816e-50
3.925228100102253848e+01 5.516083321809464318e-50
3.952463811348211919e+01 5.504626949303870836e-50
3.979888501157492442e+01 5.493290604512922312e-50
4.007503480782702354e+01 5.482072364918578425e-50
4.035310070574752928e+01 5.470970357034359357e-50
4.063309600045972303e+01 5.459982755077987904e-50
4.091503407933696224e+01 5.449107779454652952e-50
4.119892842264259514e+01 5.438343695407693094e-50
4.148479260417452963e+01 5.427688811710288762e-50
4.177264029191434958e+01 5.417141479302933716e-50
4.206248524868058780e+01 5.406700090117333013e-50
4.235434133278702973e+01 5.396363075839356525e-50
4.264822249870512394e+01 5.386128906801419892e-50
4.294414279773126708e+01 5.375996090718827662e-50
4.324211637865862912e+01 5.365963171789835604e-50
4.354215748845361134e+01 5.356028729473770547e-50
4.384428047293715025e+01 5.346191377596978049e-50
4.414849977747045529e+01 5.336449763289098509e-50
4.445482994764580553e+01 5.326802566111440518e-50
4.476328562998200056e+01 5.317248497027736334e-50
4.507388157262457895e+01 5.307786297652737659e-50
4.538663262605113857e+01 5.298414739279019654e-50
4.570155374378115454e+01 5.289132622103713175e-50
4.601865998309111916e+01 5.279938774400861596e-50
4.633796650573440701e+01 5.270832051791018884e-50
4.665948857866618482e+01 5.261811336409705644e-50
4.698324157477347285e+01 5.252875536266326306e-50
4.730924097361000236e+01 5.244023584460789533e-50
4.763750236213646616e+01 5.235254438576660733e-50
4.796804143546572874e+01 5.226567079987746320e-50
4.830087399761322331e+01 5.217960513198186895e-50
4.863601596225270640e+01 5.209433765285984687e-50
4.897348335347697201e+01 5.200985885249547069e-50
4.931329230656412221e+01 5.192615943474729775e-50
4.965545906874899629e+01 5.184323031146823872e-50
4.999999999999999289e+01 5.176106259736176103e-50
5.034693157380139894e+01 5.167964760444753014e-50
5.069627037794075619e+01 5.159897683731695866e-50
5.104803311530231724e+01 5.151904198815106232e-50
5.140223660466548239e+01 5.143983493185014533e-50
5.175889778150880716e+01 5.136134772161767768e-50
5.211803369882010628e+01 5.128357258449869815e-50
5.247966152791137517e+01 5.120650191703196484e-50
5.284379855924019154e+01 5.113012828109103885e-50
5.321046220323622578e+01 5.105444440000656033e-50
5.357966999113354944e+01 5.097944315441879339e-50
5.395143957580922489e+01 5.090511757886977127e-50
5.432578873262691133e+01 5.083146085776241002e-50
5.470273536028711447e+01 5.075846632216996926e-50
5.508229748168283635e+01 5.068612744615625378e-50
5.546449324476112963e+01 5.061443784369683714e-50
5.584934092339118195e+01 5.054339126533127581e-50
5.623685891823758709e+01 5.047298159511358860e-50
5.662706575764056538e+01 5.040320284755898534e-50
5.701998009850164806e+01 5.033404916488599318e-50
5.741562072717555054e+01 5.026551481401986429e-50
5.781400656036881713e+01 5.019759418402453759e-50
5.821515664604383034e+01 5.013028178335131692e-50
5.861909016432991848e+01 5.006357223741487106e-50
5.902582642844026850e+01 4.999746028601141731e-50
5.943538488559515542e+01 4.993194078098328661e-50
5.984778511795219202e+01 4.986700868394096531e-50
6.026304684354212071e+01 4.980265906390845078e-50
6.068118991721201638e+01 4.973888709531560351e-50
6.110223433157442230e+01 4.967568805579061751e-50
6.152620021796307270e+01 4.961305732414111067e-50
6.195310784739583454e+01 4.955099037847423027e-50
6.238297763154347564e+01 4.948948279420645793e-50
6.281583012370606411e+01 4.942853024223107898e-50
6.325168601979518002e+01 4.936812848721893161e-50
6.369056615932391452e+01 4.930827338584849003e-50
6.413249152640305795e+01 4.924896088507933289e-50
6.457748325074419427e+01 4.919018702067317054e-50
6.502556260867048366e+01 4.913194791554748462e-50
6.547675102413337811e+01 4.907423977831533752e-50
6.593107006973741591e+01 4.901705890176478072e-50
6.638854146777151755e+01 4.896040166154910262e-50
6.684918709124731606e+01 4.890426451475223816e-50
6.731302896494554489e+01 4.884864399857530394e-50
6.778008926646843690e+01 4.879353672915311808e-50
6.825039032730067845e+01 4.873893940020754835e-50
6.872395463387690029e+01 4.868484878195839898e-50
6.920080482865657245e+01 4.863126171993634132e-50
6.968096371120716981e+01 4.857817513385191570e-50
7.016445423929364722e+01 4.852558601662080193e-50
7.065129952997666862e+01 4.847349143324448177e-50
7.114152286071765730e+01 4.842188851984210881e-50
7.163514767049153420e+01 4.837077448272771972e-50
7.213219756090792600e+01 4.832014659746311786e-50
7.263269629733905219e+01 4.827000220795360080e-50
7.313666781005647977e+01 4.822033872562856884e-50
7.364413619537515387e+01 4.817115362856415354e-50
7.415512571680521603e+01 4.812244446077134448e-50
7.466966080621266144e+01 4.807420883135393181e-50
7.518776606498691706e+01 4.802644441381694408e-50
7.570946626521758560e+01 4.797914894534685568e-50
7.623478635087872135e+01 4.793232022612937779e-50
7.676375143902112086e+01 4.788595611873550348e-50
7.729638682097392177e+01 4.784005454745167134e-50
7.783271796355309391e+01 4.779461349771581420e-50
7.837277051027973584e+01 4.774963101551411527e-50
7.891657028260588902e+01 4.770510520687608127e-50
7.946414328114889258e+01 4.766103423732104579e-50
8.001551568693507477e+01 4.761741633135259682e-50
8.057071386265099022e+01 4.757424977202179956e-50
8.112976435390434915e+01 4.753153290043173673e-50
8.169269389049308927e+01 4.748926411533216180e-50
8.225952938768311640e+01 4.744744187269843693e-50
8.283029794749575103e+01 4.740606468534050562e-50
8.340502686000294830e+01 4.736513112255468062e-50
8.398374360463265020e+01 4.732463980974840769e-50
8.456647585148242285e+01 4.728458942814487739e-50
8.515325146264220280e+01 4.724497871443814611e-50
8.574409849352703361e+01 4.720580646054058246e-50
8.633904519421778900e+01 4.716707151328884645e-50
8.693812001081251140e+01 4.712877277420709860e-50
8.754135158678624862e+01 4.709090919926309671e-50
8.814876876436026976e+01 4.705347979866027149e-50
8.876040058588178283e+01 4.701648363663937357e-50
8.937627629521176686e+01 4.697991983129763995e-50
8.999642533912381737e+01 4.694378755442544175e-50
9.062087736871187360e+01 4.690808603136214148e-50
9.124966224080760924e+01 4.687281454085526425e-50
9.188281001940860904e+01 4.683797241497135345e-50
9.252035097711508627e+01 4.680355903897462682e-50
9.316231559657798300e+01 4.676957385125251223e-50
9.380873457195606591e+01 4.673601634326103870e-50
9.445963881038331067e+01 4.670288605945888961e-50
9.511505943344727143e+01 4.667018259728466091e-50
9.577502777867637462e+01 4.663790560712582004e-50
9.643957540103887993e+01 4.660605479233235107e-50
9.710873407445130567e+01 4.657462990920462889e-50
9.778253579329744127e+01 4.654363076704201750e-50
9.846101277395865736e+01 4.651305722816236440e-50
9.914419745635355241e+01 4.648290920797255270e-50
9.983212250548965017e+01 4.645318667502937718e-50
1.005248208130249452e+02 4.642388965112456759e-50
1.012223254988401777e+02 4.639501821139270579e-50
1.019246699126232016e+02 4.636657248440924852e-50
1.026318876354625900e+02 4.633855265233049201e-50
1.033440124814540866e+02 4.631095895102846609e-50
1.040610784993169489e+02 4.628379167025403949e-50
1.047831199740216306e+02 4.625705115380149707e-50
1.055101714284298140e+02 4.623073779970011285e-50
1.062422676249441338e+02 4.620485206041134453e-50
1.069794435671710602e+02 4.617939444304334779e-50
1.077217345015942129e+02 4.615436550958709313e-50
1.084691759192592002e+02 4.612976587715729688e-50
1.092218035574714037e+02 4.610559621825407161e-50
1.099796534015037253e+02 4.608185726104073789e-50
1.107427616863179480e+02 4.605854978963721841e-50
1.115111648982969115e+02 4.603567464442591864e-50
1.122848997769886807e+02 4.601323272238064387e-50
1.130640033168639604e+02 4.599122497740312208e-50
1.138485127690839818e+02 4.596965242068967528e-50
1.146384656432825437e+02 4.594851612110851647e-50
1.154338997093584709e+02 4.592781720559014083e-50
1.162348529992823813e+02 4.590755685954721978e-50
1.170413638089146957e+02 4.588773632731078937e-50
1.178534706998363788e+02 4.586835691258798409e-50
1.186712125011934233e+02 4.584941997894023374e-50
1.194946283115525034e+02 4.583092695028289162e-50
1.203237575007711939e+02 4.581287931141851518e-50
1.211586397118800136e+02 4.579527860858444689e-50
1.219993148629774993e+02 4.577812645004033355e-50
1.228458231491396191e+02 4.576142450667134164e-50
1.236982050443406962e+02 4.574517451264165189e-50
1.245565013033894104e+02 4.572937826606852107e-50
1.254207529638770353e+02 4.571403762973807691e-50
1.262910013481392184e+02 4.569915453186465967e-50
1.271672880652325262e+02 4.568473096690404152e-50
1.280496550129229547e+02 4.567076899639527513e-50
1.289381443796900157e+02 4.565727074988626461e-50
1.298327986467436119e+02 4.564423842590012944e-50
1.307336605900545976e+02 4.563167429298412291e-50
1.316407732824011134e+02 4.561958069083870253e-50
1.325541800954269434e+02 4.560796003152564168e-50
1.334739247017160153e+02 4.559681480079760846e-50
1.344000510768803451e+02 4.558614755952233947e-50
1.353326035016620494e+02 4.557596094527033667e-50
1.362716265640515019e+02 4.556625767403110584e-50
1.372171651614182508e+02 4.555704054213570514e-50
1.381692645026584785e+02 4.554831242837381996e-50
1.391279701103562729e+02 4.554007629637656168e-50
1.400933278229597363e+02 4.553233519728258572e-50
1.410653837969736628e+02 4.552509227276342688e-50
1.420441845091651771e+02 4.551835075845822663e-50
1.430297767587870794e+02 4.551211398792016700e-50
1.440222076698148612e+02 4.550638539715350986e-50
1.450215246931995523e+02 4.550116852988989458e-50
1.460277756091373931e+02 4.549646704375763688e-50
1.470410085293531779e+02 4.549228471753688383e-50
1.480612718994017030e+02 4.548862545976878934e-50
1.490886145009836525e+02 4.548549331903706806e-50
1.501230854542774296e+02 4.548289249633523166e-50
1.511647342202889490e+02 4.548082736008229098e-50
1.522136106032151304e+02 4.547930246446316975e-50
1.532697647528263190e+02 4.547832257204368107e-50
1.543332471668637140e+02 4.547789268188399787e-50
1.554041086934531677e+02 4.547801806480438438e-50
1.564824005335376569e+02 4.547870430802697468e-50
1.575681742433239378e+02 4.547995737225872000e-50
1.586614817367487831e+02 4.548178366542753938e-50
1.597623752879606513e+02 4.548419013899595823e-50
1.608709075338185528e+02 4.548718441525630618e-50
1.619871314764099282e+02 4.549077495771735204e-50
1.631111004855834778e+02 4.549497130230759083e-50
1.642428683015021704e+02 4.549978437581222274e-50
1.653824890372121104e+02 4.550522694165151621e-50
1.665300171812293968e+02 4.551131423516707838e-50
1.676855076001465932e+02 4.551806488709638455e-50
1.688490155412545448e+02 4.552550229587720451e-50
1.700205966351852851e+02 4.553365671800084156e-50
1.712003068985712559e+02 4.554256854256536400e-50
1.723882027367231728e+02 4.555229358747587925e-50
1.735843409463281262e+02 4.556291198718515908e-50
1.747887787181637407e+02 4.557454376372067754e-50
1.760015736398339357e+02 4.558737753325931469e-50
1.772227836985217664e+02 4.560172678044991762e-50
1.784524672837614503e+02 4.561814882737589250e-50
1.796906831902314536e+02 4.563772151871712006e-50
1.809374906205640059e+02 4.566277228807715732e-50
1.821929491881772094e+02 4.569915940718337950e-50
1.834571189201246852e+02 4.576548646275319490e-50
1.847300602599650858e+02 4.595062100439907906e-50
1.860118340706534639e+02 4.743659843466043488e-50
1.873025016374496374e+02 5.190702015097855613e-50
1.886021246708498609e+02 4.611234092189670512e-50
1.899107653095367994e+02 4.586161778861301986e-50
1.912284861233499385e+02 4.581442825001986462e-50
1.925553501162786176e+02 4.580833264533095191e-50
1.938914207294728271e+02 4.581609898837897046e-50
1.952367618442779644e+02 4.583009959020534984e-50
1.965914377852884911e+02 4.584753518453328358e-50
1.979555133234229061e+02 4.586718841602069554e-50
1.993290536790221097e+02 4.588846454622667207e-50
2.007121245249660717e+02 4.591104774301503025e-50
2.021047919898154817e+02 4.593475981608440373e-50
2.035071226609719020e+02 4.595949583329906633e-50
2.049191835878630457e+02 4.598519230057395870e-50
2.063410422851477790e+02 4.601181037361121981e-50
2.077727667359437476e+02 4.603932650995284483e-50
2.092144253950791892e+02 4.606772702297030101e-50
2.106660871923644152e+02 4.609700478440811022e-50
2.121278215358888133e+02 4.612715716040538496e-50
2.135996983153390261e+02 4.615818468169214841e-50
2.150817879053397235e+02 4.619009016481974802e-50
2.165741611688201260e+02 4.622287811830338630e-50
2.180768894604002526e+02 4.625655433326459652e-50
2.195900446298042823e+02 4.629112559625019745e-50
2.211136990252950341e+02 4.632659948456466472e-50
2.226479254971327464e+02 4.636298421838223711e-50
2.241927974010595221e+02 4.640028855255145502e-50
2.257483886018050612e+02 4.643852169660348174e-50
2.273147734766199335e+02 4.647769325505143700e-50
2.288920269188310215e+02 4.651781318249450757e-50
2.304802243414216605e+02 4.655889174965394415e-50
2.320794416806390643e+02 4.660093951756520024e-50
2.336897553996231522e+02 4.664396731791942911e-50
2.353112424920640535e+02 4.668798623809913382e-50
2.369439804858827756e+02 4.673300760980947520e-50
2.385880474469372530e+02 4.677904300051231072e-50
2.402435219827566755e+02 4.682610420704950296e-50
2.419104832462978152e+02 4.687420325098591337e-50
2.435890109397315086e+02 4.692335237533602365e-50
2.452791853182525017e+02 4.697356404238323117e-50
2.469810871939160108e+02 4.702485093240128976e-50
2.486947979395033599e+02 4.707722594308726287e-50
2.504203994924105814e+02 4.713070218960375990e-50
2.521579743585679125e+02 4.718529300511153304e-50
2.539076056163837620e+02 4.724101194170823764e-50
2.556693769207162745e+02 4.729787277172958134e-50
2.574433725068748231e+02 4.735588948933031710e-50
2.592296771946456033e+02 4.741507631233080832e-50
2.610283763923487186e+02 4.747544768427843108e-50
2.628395561009211860e+02 4.753701827670612348e-50
2.646633029180280232e+02 4.759980299155975654e-50
2.664997040422045984e+02 4.766381696377705451e-50
2.683488472770237649e+02 4.772907556400559662e-50
2.702108210352957371e+02 4.779559440145249400e-50
2.720857143432946259e+02 4.786338932684202156e-50
2.739736168450143055e+02 4.793247643549665445e-50
2.758746188064563967e+02 4.800287207050367839e-50
2.777888111199438299e+02 4.807459282600004845e-50
2.797162853084688550e+02 4.814765555054058086e-50
2.816571335300678243e+02 4.822207735056757648e-50
2.836114485822271263e+02 4.829787559396995902e-50
2.855793239063216902e+02 4.837506791373988521e-50
2.875608535920806617e+02 4.845367221171986678e-50
2.895561323820878670e+02 4.853370666245164692e-50
2.915652556763112102e+02 4.861518971712012734e-50
2.935883195366627092e+02 4.869814010761593300e-50
2.956254206915940017e+02 4.878257685069297050e-50
2.976766565407184544e+02 4.886851925227084131e-50
2.997421251594703904e+02 4.895598691185440186e-50
3.018219253037934777e+02 4.904499972711710318e-50
3.039161564148614616e+02 4.913557789865279138e-50
3.060249186238351058e+02 4.922774193493464447e-50
3.081483127566470444e+02 4.932151265750615238e-50
3.102864403388250025e+02 4.941691120646839663e-50
3.124394036003446899e+02 4.951395904631969157e-50
3.146073054805171409e+02 4.961267797224552441e-50
3.167902496329126620e+02 4.971309011697997653e-50
3.189883404303140537e+02 4.981521795842113080e-50
3.212016829697095091e+02 4.991908432823761681e-50
3.234303830773163213e+02 5.002471242183819738e-50
3.256745473136401188e+02 5.013212581020385365e-50
3.279342829785717299e+02 5.024134845436928555e-50
3.302096981165151988e+02 5.035240472369975271e-50
3.325009015215558748e+02 5.046531941976502081e-50
3.348080027426610741e+02 5.058011780862060759e-50
3.371311120889170638e+02 5.069682566606513060e-50
3.394703406348055523e+02 5.081546934346085753e-50
3.418258002255118981e+02 5.093607586714566315e-50
3.441976034822747579e+02 5.105867309461165515e-50
3.465858638077702949e+02 5.118328997043585018e-50
3.489906953915329382e+02 5.130995696551557806e-50
3.514122132154175802e+02 5.143870687138417534e-50
3.538505330590944027e+02 5.156957632693889578e-50
3.563057715055872450e+02 5.170260897579871468e-50
3.587780459468463619e+02 5.183786261705846286e-50
3.612674745893606314e+02 5.197542741287748143e-50
3.637741764598115992e+02 5.211548021421570028e-50
3.662982714107614584e+02 5.225848860216192504e-50
3.688398801263868449e+02 5.240632699860553273e-50
3.713991241282458873e+02 5.257583274505114670e-50
3.739761257810910138e+02 5.487595269500343933e-50
3.765710082987187093e+02 5.286391366204765790e-50
3.791838957498594596e+02 5.300354406324736299e-50
3.818149130641124316e+02 5.315656110597925414e-50
3.844641860379156242e+02 5.331382325262203549e-50
3.871318413405634260e+02 5.347411520053878593e-50
3.898180065202618039e+02 5.363715198370610480e-50
3.925228100102253848e+02 5.380285730349219242e-50
3.952463811348213767e+02 5.397121981106544459e-50
3.979888501157492442e+02 5.414225308899268551e-50
4.007503480782701786e+02 5.431598188620215239e-50
4.035310070574753354e+02 5.449243663090908230e-50
4.063309600045972161e+02 5.467165099099048962e-50
4.091503407933698213e+02 5.485366069445594841e-50
4.119892842264259230e+02 5.503850292058704076e-50
4.148479260417452679e+02 5.522621596916345139e-50
4.177264029191435384e+02 5.541683907367436317e-50
4.206248524868058780e+02 5.561041229299233654e-50
4.235434133278704962e+02 5.580697644772078720e-50
4.264822249870512110e+02 5.600657308298334392e-50
4.294414279773124008e+02 5.620924444738190783e-50
4.324211637865862485e+02 5.641503348218483755e-50
4.354215748845361418e+02 5.662398381715114031e-50
4.384428047293717441e+02 5.683613977079167608e-50
4.414849977747045386e+02 5.705154635367363410e-50
4.445482994764578280e+02 5.727024927387372348e-50
4.476328562998199914e+02 5.749229494398576929e-50
4.507388157262458321e+02 5.771773048928470734e-50
4.538663262605115847e+02 5.794660375680485969e-50
4.570155374378115312e+02 5.817896332509740914e-50
4.601865998309110068e+02 5.841485851461400199e-50
4.633796650573440843e+02 5.865433939856518613e-50
4.665948857866619051e+02 5.889745681423959307e-50
4.698324157477349559e+02 5.914426237472780207e-50
4.730924097361000236e+02 5.939480848103844724e-50
4.763750236213644484e+02 5.964914833461051759e-50
4.796804143546572732e+02 5.990733595021767226e-50
4.830087399761322331e+02 6.016942616930199263e-50
4.863601596225273056e+02 6.043547467378952069e-50
4.897348335347697343e+02 6.070553800045687257e-50
4.931329230656409663e+02 6.097967355596540960e-50
4.965545906874899629e+02 6.125793963277344537e-50
4.999999999999999432e+02 6.154039542617693471e-50
5.034693157380134494e+02 6.182710105297287909e-50
5.069627037794076045e+02 6.211811757248562822e-50
5.104803311530232008e+02 6.241350701121497149e-50
5.140223660466548381e+02 6.271333239331526770e-50
5.175889778150880147e+02 6.301765778084430811e-50
5.211803369882004517e+02 6.332654833125863727e-50
5.247966152791137802e+02 6.364007038689932765e-50
5.284379855924019012e+02 6.395829162752020544e-50
5.321046220323622720e+02 6.428128135590645710e-50
5.357966999113355087e+02 6.460911108895520519e-50
5.395143957580917231e+02 6.494185592741717586e-50
5.432578873262691559e+02 6.527959820021553304e-50
5.470273536028711305e+02 6.562243912201665726e-50
5.508229748168283777e+02 6.597054776705343140e-50
5.546449324476112679e+02 6.632449149537419670e-50
5.584934092339112794e+02 6.669296723892575322e-50
5.623685891823758993e+02 6.705937105740283007e-50
5.662706575764057106e+02 6.741553099775311370e-50
5.701998009850165090e+02 6.778919223775772145e-50
5.741562072717555338e+02 6.816912081542293452e-50
5.781400656036876171e+02 6.855486317314867400e-50
5.821515664604382891e+02 6.894640424962072036e-50
5.861909016432991848e+02 6.934379967740826541e-50
5.902582642844026850e+02 6.974712425897285650e-50
5.943538488559515827e+02 7.015646014442333590e-50
5.984778511795212808e+02 7.057189325760616663e-50
6.026304684354212213e+02 7.099351200673933054e-50
6.068118991721202065e+02 7.142140676161641214e-50
6.110223433157442514e+02 7.185566962642336464e-50
6.152620021796307128e+02 7.229639433943758751e-50
6.195310784739577912e+02 7.274367623211241761e-50
6.238297763154347422e+02 7.319761221800379694e-50
6.281583012370599590e+02 7.365830079772048299e-50
6.325168601979518144e+02 7.412584207299459056e-50
6.369056615932391878e+02 7.460033776626205061e-50
6.413249152640298689e+02 7.508189124379594988e-50
6.457748325074419427e+02 7.557060754128612799e-50
6.502556260867041829e+02 7.606659339121822277e-50
6.547675102413337527e+02 7.656995725170521449e-50
6.593107006973741591e+02 7.708080933656216786e-50
6.638854146777144933e+02 7.759926164653664161e-50
6.684918709124732459e+02 7.812542800169769971e-50
6.731302896494547667e+02 7.865942407506342952e-50
6.778008926646843975e+02 7.920136742768219343e-50
6.825039032730068129e+02 7.975137754552911961e-50
6.872395463387682639e+02 8.030957587891812064e-50
6.920080482865656677e+02 8.087608588570434337e-50
6.968096371120709591e+02 8.145103308069803049e-50
7.016445423929365006e+02 8.203454509627633415e-50
7.065129952997667715e+02 8.262675176480688559e-50
7.114152286071758908e+02 8.322778524776524935e-50
7.163514767049153988e+02 8.383778027508498966e-50
7.213219756090785495e+02 8.445687467844043453e-50
7.263269629733905504e+02 8.508521084064055553e-50
7.313666781005648545e+02 8.572503533947912636e-50
7.364413619537507429e+02 8.637512793807897945e-50
7.415512571680520750e+02 8.703526515149026610e-50
7.466966080621258470e+02 8.775142203861017659e-50
7.518776606498690853e+02 8.838462474691414634e-50
7.570946626521758844e+02 8.907343875436122054e-50
7.623478635087872135e+02 8.977322307164570698e-50
7.676375143902112086e+02 9.048353946596375358e-50
7.729638682097383935e+02 9.120448692677978875e-50
7.783271796355309107e+02 9.193665788848519730e-50
7.837277051027973584e+02 9.268211062877320617e-50
7.891657028260589186e+02 9.343869239418398641e-50
7.946414328114889258e+02 9.420662285788213698e-50
8.001551568693499803e+02 9.498593043138529362e-50
8.057071386265098454e+02 9.577693963722172453e-50
8.112976435390434062e+02 9.657978299053180784e-50
8.169269389049309211e+02 9.739464469041233132e-50
8.225952938768310787e+02 9.822171227623235704e-50
8.283029794749566008e+02 9.906117658174000292e-50
8.340502686000294261e+02 9.991323178430472892e-50
8.398374360463265020e+02 1.007780754667768018e-49
8.456647585148242570e+02 1.016559086842774665e-49
8.515325146264220848e+02 1.025469360343898030e-49
8.574409849352695119e+02 1.034513657303283049e-49
8.633904519421778332e+02 1.043694096772782874e-49
8.693812001081250855e+02 1.053012835524798536e-49
8.754135158678624293e+02 1.062472068904915407e-49
8.814876876436027260e+02 1.072074031766155400e-49
8.876040058588170041e+02 1.081820999554665049e-49
8.937627629521176686e+02 1.091715289718583724e-49
8.999642533912381168e+02 1.101759263919772157e-49
9.062087736871186507e+02 1.111955332595879346e-49
9.124966224080760639e+02 1.122305967992315915e-49
9.188281001940850956e+02 1.132813758476546490e-49
9.252035097711509479e+02 1.143481805150392002e-49
9.316231559657798016e+02 1.154327592462750927e-49
9.380873457195606306e+02 1.165310757184819942e-49
9.445963881038330783e+02 1.176465731664899401e-49
9.511505943344717480e+02 1.187796573613394132e-49
9.577502777867638315e+02 1.199300787933491820e-49
9.643957540103887141e+02 1.210980852955969667e-49
9.710873407445130852e+02 1.222845824765554817e-49
9.778253579329743843e+02 1.234913610505538720e-49
9.846101277395855504e+02 1.247166143634213139e-49
9.914419745635356094e+02 1.259606468378965596e-49
9.983212250548965585e+02 1.272237688775718591e-49
1.005248208130249395e+03 1.285062969022356533e-49
1.012223254988401777e+03 1.298085534440805081e-49
1.019246699126230965e+03 1.311308672702397699e-49
1.026318876354625900e+03 1.324735735192544845e-49
1.033440124814540923e+03 1.338370138465977209e-49
1.040610784993169545e+03 1.352215365774732593e-49
1.047831199740216334e+03 1.366274968663728251e-49
1.055101714284297032e+03 1.380552568640876862e-49
1.062422676249441338e+03 1.395051858942705499e-49
1.069794435671710517e+03 1.409776606448920555e-49
1.077217345015942101e+03 1.424730653889388868e-49
1.084691759192592144e+03 1.439917922779070531e-49
1.092218035574712985e+03 1.455342418662941887e-49
1.099796534015037196e+03 1.471008246138108090e-49
1.107427616863179537e+03 1.486919687609471498e-49
1.115111648982969200e+03 1.503082346439751226e-49
1.122848997769886864e+03 1.519514695226033305e-49
1.130640033168638411e+03 1.536169150968300691e-49
1.138485127690839818e+03 1.553104957528371488e-49
1.146384656432824158e+03 1.570308727430182247e-49
1.154338997093584794e+03 1.587784838137744582e-49
1.162348529992823842e+03 1.605538041028905963e-49
1.170413638089145707e+03 1.623573225438183963e-49
1.178534706998363845e+03 1.641895393359940626e-49
1.186712125011933040e+03 1.660509656325607005e-49
1.194946283115524921e+03 1.679421236569173325e-49
1.203237575007711939e+03 1.698635469386863964e-49
1.211586397118798914e+03 1.718157805952453650e-49
1.219993148629774851e+03 1.737993816372236965e-49
1.228458231491394827e+03 1.758149192911497119e-49
1.236982050443406933e+03 1.778629753375301045e-49
1.245565013033894047e+03 1.799441444657211095e-49
1.254207529638769074e+03 1.820590346508830577e-49
1.262910013481392070e+03 1.842082675691156588e-49
1.271672880652324011e+03 1.863924791058964290e-49
1.280496550129229490e+03 1.886123201950087083e-49
1.289381443796900385e+03 1.908684594632118649e-49
1.298327986467434812e+03 1.931616063711509976e-49
1.307336605900545919e+03 1.955337430169197142e-49
1.316407732824009827e+03 1.978615323209733477e-49
1.325541800954269320e+03 2.002697452734080822e-49
1.334739247017160324e+03 2.027178526453192699e-49
1.344000510768802087e+03 2.052065834229451517e-49
1.353326035016620381e+03 2.077367151463233304e-49
1.362716265640513711e+03 2.103090471192371185e-49
1.372171651614182565e+03 2.129243985896402453e-49
1.381692645026584842e+03 2.155836089026818051e-49
1.391279701103562729e+03 2.182875380025738278e-49
1.400933278229597590e+03 2.210370670377474202e-49
1.410653837969735150e+03 2.238330990160337223e-49
1.420441845091651885e+03 2.266765594965690861e-49
1.430297767587870794e+03 2.295683973168138003e-49
1.440222076698148840e+03 2.325095853605841101e-49
1.450215246931995580e+03 2.355011213889338408e-49
1.460277756091372339e+03 2.385440290201159811e-49
1.470410085293531665e+03 2.416393593247217624e-49
1.480612718994017087e+03 2.447881974728308908e-49
1.490886145009836582e+03 2.479919130477212796e-49
1.501230854542774523e+03 2.512508439576732274e-49
1.511647342202888012e+03 2.545668452188594599e-49
1.522136106032151247e+03 2.579410021706789880e-49
1.532697647528263133e+03 2.613744902417830235e-49
1.543332471668637027e+03 2.648685672160776358e-49
1.554041086934531677e+03 2.684245285849073052e-49
1.564824005335374977e+03 2.720437062378518107e-49
1.575681742433239378e+03 2.757274693445600457e-49
1.586614817367487831e+03 2.794772255955027349e-49
1.597623752879606627e+03 2.832944225696488346e-49
1.608709075338185585e+03 2.871805491859881005e-49
1.619871314764097406e+03 2.911371372336867174e-49
1.631111004855834835e+03 2.951657629933964297e-49
1.642428683015021534e+03 2.992680490042473303e-49
1.653824890372120990e+03 3.034456662627155936e-49
1.665300171812294138e+03 3.077003395049409634e-49
1.676855076001464113e+03 3.120339851843013149e-49
1.688490155412545391e+03 3.164479954253631273e-49
1.700205966351852794e+03 3.209446097169843038e-49
1.712003068985712616e+03 3.255257285859941144e-49
1.723882027367231785e+03 3.301933143335959020e-49
1.735843409463279386e+03 3.349494254968787490e-49
1.747887787181637350e+03 3.397961876869144240e-49
1.760015736398339186e+03 3.447357945540584910e-49
1.772227836985217436e+03 3.497705102966577343e-49
1.784524672837614617e+03 3.549026725036154015e-49
1.796906831902312661e+03 3.601346951867818862e-49
1.809374906205639945e+03 3.654690719872569614e-49
1.821929491881772037e+03 3.709083795817845538e-49
1.834571189201246852e+03 3.764552814248419696e-49
1.847300602599651029e+03 3.821125328634165980e-49
1.860118340706532763e+03 3.878830136293164075e-49
1.873025016374496317e+03 3.937696334347297949e-49
1.886021246708498438e+03 3.997753227224625370e-49
1.899107653095367823e+03 4.059034282221217460e-49
1.912284861233499214e+03 4.121571457470000549e-49
1.925553501162784187e+03 4.185398557742875758e-49
1.938914207294728385e+03 4.250550630008294748e-49
1.952367618442779758e+03 4.317063999417275214e-49
1.965914377852884854e+03 4.384976324879796647e-49
1.979555133234229061e+03 4.454326659696823990e-49
1.993290536790218994e+03 4.525155515886877429e-49
2.007121245249660660e+03 4.597504932357072705e-49
2.021047919898152713e+03 4.671418548491669955e-49
2.035071226609719133e+03 4.746941697098671356e-49
2.049191835878630627e+03 4.824122200395440200e-49
2.063410422851475687e+03 4.903006656321555321e-49
2.077727667359437419e+03 4.983647812984672403e-49
2.092144253950789789e+03 5.066098255539652468e-49
2.106660871923644208e+03 5.150412739709965178e-49
2.121278215358888247e+03 5.236648399089964139e-49
2.135996983153388101e+03 5.324864694404545053e-49
2.150817879053397064e+03 5.415123516878017742e-49
2.165741611688199100e+03 5.507489304149687571e-49
2.180768894604002526e+03 5.602029162936671305e-49
2.195900446298042880e+03 5.698812998257135384e-49
2.211136990252948181e+03 5.797913651989280151e-49
2.226479254971327464e+03 5.899407091078775145e-49
2.241927974010592607e+03 6.003388702029666591e-49
2.257483886018050725e+03 6.109891769330382412e-49
2.273147734766199392e+03 6.219051609385004758e-49
2.288920269188307884e+03 6.330941571614840605e-49
2.304802243414216719e+03 6.445655200742398554e-49
2.320794416806388199e+03 6.563290109780043326e-49
2.336897553996231636e+03 6.683948130929647723e-49
2.353112424920640478e+03 6.807735495178007566e-49
2.369439804858825028e+03 6.934763016751289810e-49
2.385880474469372530e+03 7.065146279989126050e-49
2.402435219827564197e+03 7.199005833267408769e-49
2.419104832462978266e+03 7.336467601971719899e-49
2.435890109397314973e+03 7.477661930298968967e-49
2.452791853182522573e+03 7.622725466832300011e-49
2.469810871939159824e+03 7.771800704584442336e-49
2.486947979395030870e+03 7.925035291582477690e-49
2.504203994924105700e+03 8.082582953115169051e-49
2.521579743585678898e+03 8.244603377895785785e-49
2.539076056163837620e+03 8.411262246132053249e-49
2.556693769207162859e+03 8.582731211054753024e-49
2.574433725068745844e+03 8.759187815975140414e-49
2.592296771946456374e+03 8.940815343545895200e-49
2.610283763923487186e+03 9.127804335640227337e-49
2.628395561009212088e+03 9.320342922774927349e-49
2.646633029180280118e+03 9.518634915252309722e-49
2.664997040422043483e+03 9.722880610564996752e-49
2.683488472770237877e+03 9.933284756816845702e-49
2.702108210352957030e+03 1.015005370225482391e-48
2.720857143432946032e+03 1.037339376858093578e-48
2.739736168450142941e+03 1.060350927183145215e-48
2.758746188064561011e+03 1.084060007011576070e-48
2.777888111199438299e+03 1.108485855840698164e-48
2.797162853084688322e+03 1.133646875360759802e-48
2.816571335300678584e+03 1.159558749940494831e-48
2.836114485822271490e+03 1.186236774540068977e-48
2.855793239063214060e+03 1.213692337309332616e-48
2.875608535920806389e+03 1.241933538985752072e-48
2.895561323820878897e+03 1.270963988263580170e-48
2.915652556763111988e+03 1.300784322704451323e-48
2.935883195366627206e+03 1.331383139119307794e-48
2.956254206915937175e+03 1.362742905402336418e-48
2.976766565407184771e+03 1.394835991849848309e-48
2.997421251594703790e+03 1.427622332543975192e-48
3.018219253037934777e+03 1.461047234544302936e-48
3.039161564148614616e+03 1.495038564891632251e-48
3.060249186238348102e+03 1.529503674696000358e-48
3.081483127566470557e+03 1.564326104441884267e-48
3.102864403388249684e+03 1.599361929926721427e-48
3.124394036003446672e+03 1.634435910259170622e-48
3.146073054805171523e+03 1.669337541751209015e-48
3.167902496329123551e+03 1.703817330758264548e-48
3.189883404303140651e+03 1.737582531070760196e-48
3.212016829697095091e+03 1.770295750236873582e-48
3.234303830773163099e+03 1.801571758719047270e-48
3.256745473136400960e+03 1.830978081033517780e-48
3.279342829785714002e+03 1.858037059632660908e-48
3.302096981165152101e+03 1.882230991152182833e-48
3.325009015215558520e+03 1.903010910991996965e-48
3.348080027426610741e+03 1.919809633177330086e-48
3.371311120889170525e+03 1.932059235242133638e-48
3.394703406348052340e+03 1.939213506305165404e-48
3.418258002255118754e+03 1.940774148474648142e-48
3.441976034822747806e+03 1.936320018808842661e-48
3.465858638077703290e+03 1.925537557930762207e-48
3.489906953915329723e+03 1.908249721080717833e-48
3.514122132154172050e+03 1.884440556080730627e-48
3.538505330590944141e+03 1.854272448526502006e-48
3.563057715055871995e+03 1.818092768879431987e-48
3.587780459468463505e+03 1.776429966636293528e-48
3.612674745893606541e+03 1.729975573314672013e-48
3.637741764598112240e+03 1.679556087985716491e-48
3.662982714107614811e+03 1.626095497974572489e-48
3.688398801263864698e+03 1.570572455547481743e-48
3.713991241282458759e+03 1.513976124297362685e-48
3.739761257810910138e+03 1.457264614466116487e-48
3.765710082987183341e+03 1.401329212547714986e-48
3.791838957498594937e+03 1.346967072105784990e-48
3.818149130641120337e+03 1.294862435592534711e-48
3.844641860379156242e+03 1.245577384322941148e-48
3.871318413405634146e+03 1.199550452554139385e-48
3.898180065202614060e+03 1.157101824410034224e-48
3.925228100102254302e+03 1.118443314096794841e-48
3.952463811348209674e+03 1.083691281583885223e-48
3.979888501157492556e+03 1.052881382501383670e-48
4.007503480782701899e+03 1.025983058719180164e-48
4.035310070574748806e+03 1.002913784513787149e-48
4.063309600045972275e+03 9.835518910805699092e-49
4.091503407933694234e+03 9.677478400162715542e-49
4.119892842264259343e+03 9.553337316217748603e-49
4.148479260417452679e+03 9.461312478150880481e-49
4.177264029191431291e+03 9.399578653477189090e-49
4.206248524868058666e+03 9.366317496078546094e-49
4.235434133278700756e+03 9.359754249766822665e-49
4.264822249870511769e+03 9.378184218787987267e-49
4.294414279773124690e+03 9.419991244579017228e-49
4.324211637865858393e+03 9.483657747498621379e-49
4.354215748845361304e+03 9.567774377645072398e-49
4.384428047293712552e+03 9.671039221935077125e-49
4.414849977747045159e+03 9.792259028580285016e-49
4.445482994764578507e+03 9.930346352898596227e-49
4.476328562998200141e+03 1.008432169965155553e-48
4.507388157262457753e+03 1.025327786225393917e-48
4.538663262605111413e+03 1.043643594106746902e-48
4.570155374378115084e+03 1.063307805442869921e-48
4.601865998309110182e+03 1.084257229465107781e-48
4.633796650573441184e+03 1.106436088234505444e-48
4.665948857866618710e+03 1.129795484403547668e-48
4.698324157477344670e+03 1.154292788965271417e-48
4.730924097361000349e+03 1.179891342404574709e-48
4.763750236213644712e+03 1.206559811213687935e-48
4.796804143546572959e+03 1.234271868018232367e-48
4.830087399761322558e+03 1.263005793877922641e-48
4.863601596225267713e+03 1.292744128958763361e-48
4.897348335347696775e+03 1.323473370406070141e-48
4.931329230656409891e+03 1.355183690905873353e-48
4.965545906874899629e+03 1.387868689337050977e-48
4.999999999999999091e+03 1.421525176464474856e-48
